(kicad_pcb (version 20171130) (host pcbnew 5.1.5)

  (general
    (thickness 1.6)
    (drawings 7)
    (tracks 157)
    (zones 0)
    (modules 28)
    (nets 24)
  )

  (page A4)
  (layers
    (0 F.Cu signal)
    (31 B.Cu signal)
    (32 B.Adhes user)
    (33 F.Adhes user)
    (34 B.Paste user)
    (35 F.Paste user)
    (36 B.SilkS user)
    (37 F.SilkS user)
    (38 B.Mask user)
    (39 F.Mask user)
    (40 Dwgs.User user)
    (41 Cmts.User user)
    (42 Eco1.User user)
    (43 Eco2.User user)
    (44 Edge.Cuts user)
    (45 Margin user)
    (46 B.CrtYd user)
    (47 F.CrtYd user)
    (48 B.Fab user)
    (49 F.Fab user)
  )

  (setup
    (last_trace_width 0.25)
    (user_trace_width 0.1524)
    (user_trace_width 0.254)
    (user_trace_width 0.381)
    (user_trace_width 0.508)
    (user_trace_width 0.65)
    (trace_clearance 0.2)
    (zone_clearance 0.254)
    (zone_45_only no)
    (trace_min 0.1524)
    (via_size 0.8)
    (via_drill 0.4)
    (via_min_size 0.508)
    (via_min_drill 0.254)
    (user_via 0.508 0.254)
    (uvia_size 0.3)
    (uvia_drill 0.1)
    (uvias_allowed no)
    (uvia_min_size 0.2)
    (uvia_min_drill 0.1)
    (edge_width 0.05)
    (segment_width 0.2)
    (pcb_text_width 0.3)
    (pcb_text_size 1.5 1.5)
    (mod_edge_width 0.12)
    (mod_text_size 1 1)
    (mod_text_width 0.15)
    (pad_size 1.524 1.524)
    (pad_drill 0.762)
    (pad_to_mask_clearance 0.051)
    (solder_mask_min_width 0.25)
    (aux_axis_origin 0 0)
    (visible_elements FFFFFF7F)
    (pcbplotparams
      (layerselection 0x010fc_ffffffff)
      (usegerberextensions false)
      (usegerberattributes false)
      (usegerberadvancedattributes false)
      (creategerberjobfile false)
      (excludeedgelayer true)
      (linewidth 0.100000)
      (plotframeref false)
      (viasonmask false)
      (mode 1)
      (useauxorigin false)
      (hpglpennumber 1)
      (hpglpenspeed 20)
      (hpglpendiameter 15.000000)
      (psnegative false)
      (psa4output false)
      (plotreference true)
      (plotvalue true)
      (plotinvisibletext false)
      (padsonsilk false)
      (subtractmaskfromsilk false)
      (outputformat 1)
      (mirror false)
      (drillshape 0)
      (scaleselection 1)
      (outputdirectory "Gerbers/"))
  )

  (net 0 "")
  (net 1 "Net-(C1-Pad1)")
  (net 2 Earth)
  (net 3 VBUS)
  (net 4 "Net-(C4-Pad1)")
  (net 5 GND)
  (net 6 +5V)
  (net 7 "Net-(C8-Pad2)")
  (net 8 "Net-(C8-Pad1)")
  (net 9 "Net-(C10-Pad2)")
  (net 10 "Net-(C10-Pad1)")
  (net 11 "Net-(C11-Pad2)")
  (net 12 "Net-(D1-Pad2)")
  (net 13 "Net-(D2-Pad2)")
  (net 14 "Net-(J1-Pad2)")
  (net 15 "Net-(J1-Pad3)")
  (net 16 "Net-(J2-Pad1)")
  (net 17 "Net-(J3-PadR)")
  (net 18 "Net-(R3-Pad2)")
  (net 19 "Net-(T1-Pad1)")
  (net 20 "Net-(T1-Pad3)")
  (net 21 "Net-(U3-Pad4)")
  (net 22 "Net-(U5-Pad8)")
  (net 23 "Net-(U5-Pad7)")

  (net_class Default "This is the default net class."
    (clearance 0.2)
    (trace_width 0.25)
    (via_dia 0.8)
    (via_drill 0.4)
    (uvia_dia 0.3)
    (uvia_drill 0.1)
    (add_net +5V)
    (add_net Earth)
    (add_net GND)
    (add_net "Net-(C1-Pad1)")
    (add_net "Net-(C10-Pad1)")
    (add_net "Net-(C10-Pad2)")
    (add_net "Net-(C11-Pad2)")
    (add_net "Net-(C4-Pad1)")
    (add_net "Net-(C8-Pad1)")
    (add_net "Net-(C8-Pad2)")
    (add_net "Net-(D1-Pad2)")
    (add_net "Net-(D2-Pad2)")
    (add_net "Net-(J1-Pad2)")
    (add_net "Net-(J1-Pad3)")
    (add_net "Net-(J2-Pad1)")
    (add_net "Net-(J3-PadR)")
    (add_net "Net-(R3-Pad2)")
    (add_net "Net-(T1-Pad1)")
    (add_net "Net-(T1-Pad3)")
    (add_net "Net-(U3-Pad4)")
    (add_net "Net-(U5-Pad7)")
    (add_net "Net-(U5-Pad8)")
    (add_net VBUS)
  )

  (module Package_TO_SOT_SMD:SOT-23-5 (layer F.Cu) (tedit 5A02FF57) (tstamp 5ED70C2C)
    (at 147.744 116.332 180)
    (descr "5-pin SOT23 package")
    (tags SOT-23-5)
    (path /5ED5F822)
    (attr smd)
    (fp_text reference U2 (at 0 -2.794) (layer F.SilkS)
      (effects (font (size 1 1) (thickness 0.15)))
    )
    (fp_text value SN6501 (at 0 2.9) (layer F.Fab)
      (effects (font (size 1 1) (thickness 0.15)))
    )
    (fp_line (start 0.9 -1.55) (end 0.9 1.55) (layer F.Fab) (width 0.1))
    (fp_line (start 0.9 1.55) (end -0.9 1.55) (layer F.Fab) (width 0.1))
    (fp_line (start -0.9 -0.9) (end -0.9 1.55) (layer F.Fab) (width 0.1))
    (fp_line (start 0.9 -1.55) (end -0.25 -1.55) (layer F.Fab) (width 0.1))
    (fp_line (start -0.9 -0.9) (end -0.25 -1.55) (layer F.Fab) (width 0.1))
    (fp_line (start -1.9 1.8) (end -1.9 -1.8) (layer F.CrtYd) (width 0.05))
    (fp_line (start 1.9 1.8) (end -1.9 1.8) (layer F.CrtYd) (width 0.05))
    (fp_line (start 1.9 -1.8) (end 1.9 1.8) (layer F.CrtYd) (width 0.05))
    (fp_line (start -1.9 -1.8) (end 1.9 -1.8) (layer F.CrtYd) (width 0.05))
    (fp_line (start 0.9 -1.61) (end -1.55 -1.61) (layer F.SilkS) (width 0.12))
    (fp_line (start -0.9 1.61) (end 0.9 1.61) (layer F.SilkS) (width 0.12))
    (fp_text user %R (at 0 0 90) (layer F.Fab)
      (effects (font (size 0.5 0.5) (thickness 0.075)))
    )
    (pad 5 smd rect (at 1.1 -0.95 180) (size 1.06 0.65) (layers F.Cu F.Paste F.Mask)
      (net 2 Earth))
    (pad 4 smd rect (at 1.1 0.95 180) (size 1.06 0.65) (layers F.Cu F.Paste F.Mask)
      (net 2 Earth))
    (pad 3 smd rect (at -1.1 0.95 180) (size 1.06 0.65) (layers F.Cu F.Paste F.Mask)
      (net 19 "Net-(T1-Pad1)"))
    (pad 2 smd rect (at -1.1 0 180) (size 1.06 0.65) (layers F.Cu F.Paste F.Mask)
      (net 3 VBUS))
    (pad 1 smd rect (at -1.1 -0.95 180) (size 1.06 0.65) (layers F.Cu F.Paste F.Mask)
      (net 20 "Net-(T1-Pad3)"))
    (model ${KISYS3DMOD}/Package_TO_SOT_SMD.3dshapes/SOT-23-5.wrl
      (at (xyz 0 0 0))
      (scale (xyz 1 1 1))
      (rotate (xyz 0 0 0))
    )
  )

  (module Capacitor_SMD:C_0805_2012Metric (layer F.Cu) (tedit 5B36C52B) (tstamp 5ED715D5)
    (at 135.382 106.0935 90)
    (descr "Capacitor SMD 0805 (2012 Metric), square (rectangular) end terminal, IPC_7351 nominal, (Body size source: https://docs.google.com/spreadsheets/d/1BsfQQcO9C6DZCsRaXUlFlo91Tg2WpOkGARC1WS5S8t0/edit?usp=sharing), generated with kicad-footprint-generator")
    (tags capacitor)
    (path /5EE099FB)
    (attr smd)
    (fp_text reference C1 (at 2.7155 0 180) (layer F.SilkS)
      (effects (font (size 1 1) (thickness 0.15)))
    )
    (fp_text value 1u (at -2.2375 0 180) (layer F.Fab)
      (effects (font (size 1 1) (thickness 0.15)))
    )
    (fp_line (start -1 0.6) (end -1 -0.6) (layer F.Fab) (width 0.1))
    (fp_line (start -1 -0.6) (end 1 -0.6) (layer F.Fab) (width 0.1))
    (fp_line (start 1 -0.6) (end 1 0.6) (layer F.Fab) (width 0.1))
    (fp_line (start 1 0.6) (end -1 0.6) (layer F.Fab) (width 0.1))
    (fp_line (start -0.258578 -0.71) (end 0.258578 -0.71) (layer F.SilkS) (width 0.12))
    (fp_line (start -0.258578 0.71) (end 0.258578 0.71) (layer F.SilkS) (width 0.12))
    (fp_line (start -1.68 0.95) (end -1.68 -0.95) (layer F.CrtYd) (width 0.05))
    (fp_line (start -1.68 -0.95) (end 1.68 -0.95) (layer F.CrtYd) (width 0.05))
    (fp_line (start 1.68 -0.95) (end 1.68 0.95) (layer F.CrtYd) (width 0.05))
    (fp_line (start 1.68 0.95) (end -1.68 0.95) (layer F.CrtYd) (width 0.05))
    (fp_text user %R (at 0 0 90) (layer F.Fab)
      (effects (font (size 0.5 0.5) (thickness 0.08)))
    )
    (pad 1 smd roundrect (at -0.9375 0 90) (size 0.975 1.4) (layers F.Cu F.Paste F.Mask) (roundrect_rratio 0.25)
      (net 1 "Net-(C1-Pad1)"))
    (pad 2 smd roundrect (at 0.9375 0 90) (size 0.975 1.4) (layers F.Cu F.Paste F.Mask) (roundrect_rratio 0.25)
      (net 2 Earth))
    (model ${KISYS3DMOD}/Capacitor_SMD.3dshapes/C_0805_2012Metric.wrl
      (at (xyz 0 0 0))
      (scale (xyz 1 1 1))
      (rotate (xyz 0 0 0))
    )
  )

  (module Capacitor_SMD:C_0805_2012Metric (layer F.Cu) (tedit 5B36C52B) (tstamp 5ED709E1)
    (at 144.018 117.2695 270)
    (descr "Capacitor SMD 0805 (2012 Metric), square (rectangular) end terminal, IPC_7351 nominal, (Body size source: https://docs.google.com/spreadsheets/d/1BsfQQcO9C6DZCsRaXUlFlo91Tg2WpOkGARC1WS5S8t0/edit?usp=sharing), generated with kicad-footprint-generator")
    (tags capacitor)
    (path /5ED7BAE2)
    (attr smd)
    (fp_text reference C2 (at 2.6185 0 180) (layer F.SilkS)
      (effects (font (size 1 1) (thickness 0.15)))
    )
    (fp_text value 0.1u (at 0 1.65 90) (layer F.Fab)
      (effects (font (size 1 1) (thickness 0.15)))
    )
    (fp_line (start -1 0.6) (end -1 -0.6) (layer F.Fab) (width 0.1))
    (fp_line (start -1 -0.6) (end 1 -0.6) (layer F.Fab) (width 0.1))
    (fp_line (start 1 -0.6) (end 1 0.6) (layer F.Fab) (width 0.1))
    (fp_line (start 1 0.6) (end -1 0.6) (layer F.Fab) (width 0.1))
    (fp_line (start -0.258578 -0.71) (end 0.258578 -0.71) (layer F.SilkS) (width 0.12))
    (fp_line (start -0.258578 0.71) (end 0.258578 0.71) (layer F.SilkS) (width 0.12))
    (fp_line (start -1.68 0.95) (end -1.68 -0.95) (layer F.CrtYd) (width 0.05))
    (fp_line (start -1.68 -0.95) (end 1.68 -0.95) (layer F.CrtYd) (width 0.05))
    (fp_line (start 1.68 -0.95) (end 1.68 0.95) (layer F.CrtYd) (width 0.05))
    (fp_line (start 1.68 0.95) (end -1.68 0.95) (layer F.CrtYd) (width 0.05))
    (fp_text user %R (at 0 0 90) (layer F.Fab)
      (effects (font (size 0.5 0.5) (thickness 0.08)))
    )
    (pad 1 smd roundrect (at -0.9375 0 270) (size 0.975 1.4) (layers F.Cu F.Paste F.Mask) (roundrect_rratio 0.25)
      (net 3 VBUS))
    (pad 2 smd roundrect (at 0.9375 0 270) (size 0.975 1.4) (layers F.Cu F.Paste F.Mask) (roundrect_rratio 0.25)
      (net 2 Earth))
    (model ${KISYS3DMOD}/Capacitor_SMD.3dshapes/C_0805_2012Metric.wrl
      (at (xyz 0 0 0))
      (scale (xyz 1 1 1))
      (rotate (xyz 0 0 0))
    )
  )

  (module Capacitor_SMD:C_0805_2012Metric (layer F.Cu) (tedit 5B36C52B) (tstamp 5ED709F2)
    (at 151.13 117.2695 270)
    (descr "Capacitor SMD 0805 (2012 Metric), square (rectangular) end terminal, IPC_7351 nominal, (Body size source: https://docs.google.com/spreadsheets/d/1BsfQQcO9C6DZCsRaXUlFlo91Tg2WpOkGARC1WS5S8t0/edit?usp=sharing), generated with kicad-footprint-generator")
    (tags capacitor)
    (path /5ED7B348)
    (attr smd)
    (fp_text reference C3 (at 2.6185 0 180) (layer F.SilkS)
      (effects (font (size 1 1) (thickness 0.15)))
    )
    (fp_text value 1u (at 0 1.65 90) (layer F.Fab)
      (effects (font (size 1 1) (thickness 0.15)))
    )
    (fp_text user %R (at 0 0 90) (layer F.Fab)
      (effects (font (size 0.5 0.5) (thickness 0.08)))
    )
    (fp_line (start 1.68 0.95) (end -1.68 0.95) (layer F.CrtYd) (width 0.05))
    (fp_line (start 1.68 -0.95) (end 1.68 0.95) (layer F.CrtYd) (width 0.05))
    (fp_line (start -1.68 -0.95) (end 1.68 -0.95) (layer F.CrtYd) (width 0.05))
    (fp_line (start -1.68 0.95) (end -1.68 -0.95) (layer F.CrtYd) (width 0.05))
    (fp_line (start -0.258578 0.71) (end 0.258578 0.71) (layer F.SilkS) (width 0.12))
    (fp_line (start -0.258578 -0.71) (end 0.258578 -0.71) (layer F.SilkS) (width 0.12))
    (fp_line (start 1 0.6) (end -1 0.6) (layer F.Fab) (width 0.1))
    (fp_line (start 1 -0.6) (end 1 0.6) (layer F.Fab) (width 0.1))
    (fp_line (start -1 -0.6) (end 1 -0.6) (layer F.Fab) (width 0.1))
    (fp_line (start -1 0.6) (end -1 -0.6) (layer F.Fab) (width 0.1))
    (pad 2 smd roundrect (at 0.9375 0 270) (size 0.975 1.4) (layers F.Cu F.Paste F.Mask) (roundrect_rratio 0.25)
      (net 2 Earth))
    (pad 1 smd roundrect (at -0.9375 0 270) (size 0.975 1.4) (layers F.Cu F.Paste F.Mask) (roundrect_rratio 0.25)
      (net 3 VBUS))
    (model ${KISYS3DMOD}/Capacitor_SMD.3dshapes/C_0805_2012Metric.wrl
      (at (xyz 0 0 0))
      (scale (xyz 1 1 1))
      (rotate (xyz 0 0 0))
    )
  )

  (module Capacitor_SMD:C_0805_2012Metric (layer F.Cu) (tedit 5B36C52B) (tstamp 5ED70A03)
    (at 171.958 117.7775 90)
    (descr "Capacitor SMD 0805 (2012 Metric), square (rectangular) end terminal, IPC_7351 nominal, (Body size source: https://docs.google.com/spreadsheets/d/1BsfQQcO9C6DZCsRaXUlFlo91Tg2WpOkGARC1WS5S8t0/edit?usp=sharing), generated with kicad-footprint-generator")
    (tags capacitor)
    (path /5ED820DE)
    (attr smd)
    (fp_text reference C4 (at 2.4615 0 180) (layer F.SilkS)
      (effects (font (size 1 1) (thickness 0.15)))
    )
    (fp_text value 1u (at 0 1.65 90) (layer F.Fab)
      (effects (font (size 1 1) (thickness 0.15)))
    )
    (fp_line (start -1 0.6) (end -1 -0.6) (layer F.Fab) (width 0.1))
    (fp_line (start -1 -0.6) (end 1 -0.6) (layer F.Fab) (width 0.1))
    (fp_line (start 1 -0.6) (end 1 0.6) (layer F.Fab) (width 0.1))
    (fp_line (start 1 0.6) (end -1 0.6) (layer F.Fab) (width 0.1))
    (fp_line (start -0.258578 -0.71) (end 0.258578 -0.71) (layer F.SilkS) (width 0.12))
    (fp_line (start -0.258578 0.71) (end 0.258578 0.71) (layer F.SilkS) (width 0.12))
    (fp_line (start -1.68 0.95) (end -1.68 -0.95) (layer F.CrtYd) (width 0.05))
    (fp_line (start -1.68 -0.95) (end 1.68 -0.95) (layer F.CrtYd) (width 0.05))
    (fp_line (start 1.68 -0.95) (end 1.68 0.95) (layer F.CrtYd) (width 0.05))
    (fp_line (start 1.68 0.95) (end -1.68 0.95) (layer F.CrtYd) (width 0.05))
    (fp_text user %R (at 0 0 90) (layer F.Fab)
      (effects (font (size 0.5 0.5) (thickness 0.08)))
    )
    (pad 1 smd roundrect (at -0.9375 0 90) (size 0.975 1.4) (layers F.Cu F.Paste F.Mask) (roundrect_rratio 0.25)
      (net 4 "Net-(C4-Pad1)"))
    (pad 2 smd roundrect (at 0.9375 0 90) (size 0.975 1.4) (layers F.Cu F.Paste F.Mask) (roundrect_rratio 0.25)
      (net 5 GND))
    (model ${KISYS3DMOD}/Capacitor_SMD.3dshapes/C_0805_2012Metric.wrl
      (at (xyz 0 0 0))
      (scale (xyz 1 1 1))
      (rotate (xyz 0 0 0))
    )
  )

  (module Capacitor_SMD:C_0805_2012Metric (layer F.Cu) (tedit 5B36C52B) (tstamp 5ED70A14)
    (at 174.752 120.3175 90)
    (descr "Capacitor SMD 0805 (2012 Metric), square (rectangular) end terminal, IPC_7351 nominal, (Body size source: https://docs.google.com/spreadsheets/d/1BsfQQcO9C6DZCsRaXUlFlo91Tg2WpOkGARC1WS5S8t0/edit?usp=sharing), generated with kicad-footprint-generator")
    (tags capacitor)
    (path /5ED86C5D)
    (attr smd)
    (fp_text reference C5 (at -1.0945 -2.032 180) (layer F.SilkS)
      (effects (font (size 1 1) (thickness 0.15)))
    )
    (fp_text value 0.1u (at 0 1.65 90) (layer F.Fab)
      (effects (font (size 1 1) (thickness 0.15)))
    )
    (fp_text user %R (at 0 0 90) (layer F.Fab)
      (effects (font (size 0.5 0.5) (thickness 0.08)))
    )
    (fp_line (start 1.68 0.95) (end -1.68 0.95) (layer F.CrtYd) (width 0.05))
    (fp_line (start 1.68 -0.95) (end 1.68 0.95) (layer F.CrtYd) (width 0.05))
    (fp_line (start -1.68 -0.95) (end 1.68 -0.95) (layer F.CrtYd) (width 0.05))
    (fp_line (start -1.68 0.95) (end -1.68 -0.95) (layer F.CrtYd) (width 0.05))
    (fp_line (start -0.258578 0.71) (end 0.258578 0.71) (layer F.SilkS) (width 0.12))
    (fp_line (start -0.258578 -0.71) (end 0.258578 -0.71) (layer F.SilkS) (width 0.12))
    (fp_line (start 1 0.6) (end -1 0.6) (layer F.Fab) (width 0.1))
    (fp_line (start 1 -0.6) (end 1 0.6) (layer F.Fab) (width 0.1))
    (fp_line (start -1 -0.6) (end 1 -0.6) (layer F.Fab) (width 0.1))
    (fp_line (start -1 0.6) (end -1 -0.6) (layer F.Fab) (width 0.1))
    (pad 2 smd roundrect (at 0.9375 0 90) (size 0.975 1.4) (layers F.Cu F.Paste F.Mask) (roundrect_rratio 0.25)
      (net 5 GND))
    (pad 1 smd roundrect (at -0.9375 0 90) (size 0.975 1.4) (layers F.Cu F.Paste F.Mask) (roundrect_rratio 0.25)
      (net 4 "Net-(C4-Pad1)"))
    (model ${KISYS3DMOD}/Capacitor_SMD.3dshapes/C_0805_2012Metric.wrl
      (at (xyz 0 0 0))
      (scale (xyz 1 1 1))
      (rotate (xyz 0 0 0))
    )
  )

  (module Capacitor_SMD:C_0805_2012Metric (layer F.Cu) (tedit 5B36C52B) (tstamp 5ED70A25)
    (at 175.6895 116.84 180)
    (descr "Capacitor SMD 0805 (2012 Metric), square (rectangular) end terminal, IPC_7351 nominal, (Body size source: https://docs.google.com/spreadsheets/d/1BsfQQcO9C6DZCsRaXUlFlo91Tg2WpOkGARC1WS5S8t0/edit?usp=sharing), generated with kicad-footprint-generator")
    (tags capacitor)
    (path /5ED8B9BC)
    (attr smd)
    (fp_text reference C6 (at 0 1.778) (layer F.SilkS)
      (effects (font (size 1 1) (thickness 0.15)))
    )
    (fp_text value 1u (at 0 1.65) (layer F.Fab)
      (effects (font (size 1 1) (thickness 0.15)))
    )
    (fp_line (start -1 0.6) (end -1 -0.6) (layer F.Fab) (width 0.1))
    (fp_line (start -1 -0.6) (end 1 -0.6) (layer F.Fab) (width 0.1))
    (fp_line (start 1 -0.6) (end 1 0.6) (layer F.Fab) (width 0.1))
    (fp_line (start 1 0.6) (end -1 0.6) (layer F.Fab) (width 0.1))
    (fp_line (start -0.258578 -0.71) (end 0.258578 -0.71) (layer F.SilkS) (width 0.12))
    (fp_line (start -0.258578 0.71) (end 0.258578 0.71) (layer F.SilkS) (width 0.12))
    (fp_line (start -1.68 0.95) (end -1.68 -0.95) (layer F.CrtYd) (width 0.05))
    (fp_line (start -1.68 -0.95) (end 1.68 -0.95) (layer F.CrtYd) (width 0.05))
    (fp_line (start 1.68 -0.95) (end 1.68 0.95) (layer F.CrtYd) (width 0.05))
    (fp_line (start 1.68 0.95) (end -1.68 0.95) (layer F.CrtYd) (width 0.05))
    (fp_text user %R (at 0 0) (layer F.Fab)
      (effects (font (size 0.5 0.5) (thickness 0.08)))
    )
    (pad 1 smd roundrect (at -0.9375 0 180) (size 0.975 1.4) (layers F.Cu F.Paste F.Mask) (roundrect_rratio 0.25)
      (net 6 +5V))
    (pad 2 smd roundrect (at 0.9375 0 180) (size 0.975 1.4) (layers F.Cu F.Paste F.Mask) (roundrect_rratio 0.25)
      (net 5 GND))
    (model ${KISYS3DMOD}/Capacitor_SMD.3dshapes/C_0805_2012Metric.wrl
      (at (xyz 0 0 0))
      (scale (xyz 1 1 1))
      (rotate (xyz 0 0 0))
    )
  )

  (module Capacitor_SMD:C_0805_2012Metric (layer F.Cu) (tedit 5B36C52B) (tstamp 5ED70A36)
    (at 169.4965 105.41 180)
    (descr "Capacitor SMD 0805 (2012 Metric), square (rectangular) end terminal, IPC_7351 nominal, (Body size source: https://docs.google.com/spreadsheets/d/1BsfQQcO9C6DZCsRaXUlFlo91Tg2WpOkGARC1WS5S8t0/edit?usp=sharing), generated with kicad-footprint-generator")
    (tags capacitor)
    (path /5EF09AC9)
    (attr smd)
    (fp_text reference C7 (at -2.7155 -0.762) (layer F.SilkS)
      (effects (font (size 1 1) (thickness 0.15)))
    )
    (fp_text value 0.1u (at 0 1.65) (layer F.Fab)
      (effects (font (size 1 1) (thickness 0.15)))
    )
    (fp_text user %R (at 0 0) (layer F.Fab)
      (effects (font (size 0.5 0.5) (thickness 0.08)))
    )
    (fp_line (start 1.68 0.95) (end -1.68 0.95) (layer F.CrtYd) (width 0.05))
    (fp_line (start 1.68 -0.95) (end 1.68 0.95) (layer F.CrtYd) (width 0.05))
    (fp_line (start -1.68 -0.95) (end 1.68 -0.95) (layer F.CrtYd) (width 0.05))
    (fp_line (start -1.68 0.95) (end -1.68 -0.95) (layer F.CrtYd) (width 0.05))
    (fp_line (start -0.258578 0.71) (end 0.258578 0.71) (layer F.SilkS) (width 0.12))
    (fp_line (start -0.258578 -0.71) (end 0.258578 -0.71) (layer F.SilkS) (width 0.12))
    (fp_line (start 1 0.6) (end -1 0.6) (layer F.Fab) (width 0.1))
    (fp_line (start 1 -0.6) (end 1 0.6) (layer F.Fab) (width 0.1))
    (fp_line (start -1 -0.6) (end 1 -0.6) (layer F.Fab) (width 0.1))
    (fp_line (start -1 0.6) (end -1 -0.6) (layer F.Fab) (width 0.1))
    (pad 2 smd roundrect (at 0.9375 0 180) (size 0.975 1.4) (layers F.Cu F.Paste F.Mask) (roundrect_rratio 0.25)
      (net 6 +5V))
    (pad 1 smd roundrect (at -0.9375 0 180) (size 0.975 1.4) (layers F.Cu F.Paste F.Mask) (roundrect_rratio 0.25)
      (net 5 GND))
    (model ${KISYS3DMOD}/Capacitor_SMD.3dshapes/C_0805_2012Metric.wrl
      (at (xyz 0 0 0))
      (scale (xyz 1 1 1))
      (rotate (xyz 0 0 0))
    )
  )

  (module Capacitor_SMD:C_0805_2012Metric (layer F.Cu) (tedit 5B36C52B) (tstamp 5ED857BD)
    (at 165.354 104.648 270)
    (descr "Capacitor SMD 0805 (2012 Metric), square (rectangular) end terminal, IPC_7351 nominal, (Body size source: https://docs.google.com/spreadsheets/d/1BsfQQcO9C6DZCsRaXUlFlo91Tg2WpOkGARC1WS5S8t0/edit?usp=sharing), generated with kicad-footprint-generator")
    (tags capacitor)
    (path /5EEA2CD6)
    (attr smd)
    (fp_text reference C8 (at -2.286 0.254 180) (layer F.SilkS)
      (effects (font (size 1 1) (thickness 0.15)))
    )
    (fp_text value 47p (at 0 1.65 90) (layer F.Fab)
      (effects (font (size 1 1) (thickness 0.15)))
    )
    (fp_text user %R (at 0 0 90) (layer F.Fab)
      (effects (font (size 0.5 0.5) (thickness 0.08)))
    )
    (fp_line (start 1.68 0.95) (end -1.68 0.95) (layer F.CrtYd) (width 0.05))
    (fp_line (start 1.68 -0.95) (end 1.68 0.95) (layer F.CrtYd) (width 0.05))
    (fp_line (start -1.68 -0.95) (end 1.68 -0.95) (layer F.CrtYd) (width 0.05))
    (fp_line (start -1.68 0.95) (end -1.68 -0.95) (layer F.CrtYd) (width 0.05))
    (fp_line (start -0.258578 0.71) (end 0.258578 0.71) (layer F.SilkS) (width 0.12))
    (fp_line (start -0.258578 -0.71) (end 0.258578 -0.71) (layer F.SilkS) (width 0.12))
    (fp_line (start 1 0.6) (end -1 0.6) (layer F.Fab) (width 0.1))
    (fp_line (start 1 -0.6) (end 1 0.6) (layer F.Fab) (width 0.1))
    (fp_line (start -1 -0.6) (end 1 -0.6) (layer F.Fab) (width 0.1))
    (fp_line (start -1 0.6) (end -1 -0.6) (layer F.Fab) (width 0.1))
    (pad 2 smd roundrect (at 0.9375 0 270) (size 0.975 1.4) (layers F.Cu F.Paste F.Mask) (roundrect_rratio 0.25)
      (net 7 "Net-(C8-Pad2)"))
    (pad 1 smd roundrect (at -0.9375 0 270) (size 0.975 1.4) (layers F.Cu F.Paste F.Mask) (roundrect_rratio 0.25)
      (net 8 "Net-(C8-Pad1)"))
    (model ${KISYS3DMOD}/Capacitor_SMD.3dshapes/C_0805_2012Metric.wrl
      (at (xyz 0 0 0))
      (scale (xyz 1 1 1))
      (rotate (xyz 0 0 0))
    )
  )

  (module Capacitor_SMD:C_0805_2012Metric (layer F.Cu) (tedit 5B36C52B) (tstamp 5ED70A58)
    (at 149.1765 98.806 180)
    (descr "Capacitor SMD 0805 (2012 Metric), square (rectangular) end terminal, IPC_7351 nominal, (Body size source: https://docs.google.com/spreadsheets/d/1BsfQQcO9C6DZCsRaXUlFlo91Tg2WpOkGARC1WS5S8t0/edit?usp=sharing), generated with kicad-footprint-generator")
    (tags capacitor)
    (path /5EF1474E)
    (attr smd)
    (fp_text reference C9 (at 3.1265 0) (layer F.SilkS)
      (effects (font (size 1 1) (thickness 0.15)))
    )
    (fp_text value 0.1u (at 0 1.65) (layer F.Fab)
      (effects (font (size 1 1) (thickness 0.15)))
    )
    (fp_line (start -1 0.6) (end -1 -0.6) (layer F.Fab) (width 0.1))
    (fp_line (start -1 -0.6) (end 1 -0.6) (layer F.Fab) (width 0.1))
    (fp_line (start 1 -0.6) (end 1 0.6) (layer F.Fab) (width 0.1))
    (fp_line (start 1 0.6) (end -1 0.6) (layer F.Fab) (width 0.1))
    (fp_line (start -0.258578 -0.71) (end 0.258578 -0.71) (layer F.SilkS) (width 0.12))
    (fp_line (start -0.258578 0.71) (end 0.258578 0.71) (layer F.SilkS) (width 0.12))
    (fp_line (start -1.68 0.95) (end -1.68 -0.95) (layer F.CrtYd) (width 0.05))
    (fp_line (start -1.68 -0.95) (end 1.68 -0.95) (layer F.CrtYd) (width 0.05))
    (fp_line (start 1.68 -0.95) (end 1.68 0.95) (layer F.CrtYd) (width 0.05))
    (fp_line (start 1.68 0.95) (end -1.68 0.95) (layer F.CrtYd) (width 0.05))
    (fp_text user %R (at 0 0) (layer F.Fab)
      (effects (font (size 0.5 0.5) (thickness 0.08)))
    )
    (pad 1 smd roundrect (at -0.9375 0 180) (size 0.975 1.4) (layers F.Cu F.Paste F.Mask) (roundrect_rratio 0.25)
      (net 3 VBUS))
    (pad 2 smd roundrect (at 0.9375 0 180) (size 0.975 1.4) (layers F.Cu F.Paste F.Mask) (roundrect_rratio 0.25)
      (net 2 Earth))
    (model ${KISYS3DMOD}/Capacitor_SMD.3dshapes/C_0805_2012Metric.wrl
      (at (xyz 0 0 0))
      (scale (xyz 1 1 1))
      (rotate (xyz 0 0 0))
    )
  )

  (module Capacitor_SMD:C_0805_2012Metric (layer F.Cu) (tedit 5B36C52B) (tstamp 5ED70A69)
    (at 149.1765 106.934)
    (descr "Capacitor SMD 0805 (2012 Metric), square (rectangular) end terminal, IPC_7351 nominal, (Body size source: https://docs.google.com/spreadsheets/d/1BsfQQcO9C6DZCsRaXUlFlo91Tg2WpOkGARC1WS5S8t0/edit?usp=sharing), generated with kicad-footprint-generator")
    (tags capacitor)
    (path /5EE816B4)
    (attr smd)
    (fp_text reference C10 (at -3.3805 0) (layer F.SilkS)
      (effects (font (size 1 1) (thickness 0.15)))
    )
    (fp_text value 47p (at 0 1.65) (layer F.Fab)
      (effects (font (size 1 1) (thickness 0.15)))
    )
    (fp_text user %R (at 0 0) (layer F.Fab)
      (effects (font (size 0.5 0.5) (thickness 0.08)))
    )
    (fp_line (start 1.68 0.95) (end -1.68 0.95) (layer F.CrtYd) (width 0.05))
    (fp_line (start 1.68 -0.95) (end 1.68 0.95) (layer F.CrtYd) (width 0.05))
    (fp_line (start -1.68 -0.95) (end 1.68 -0.95) (layer F.CrtYd) (width 0.05))
    (fp_line (start -1.68 0.95) (end -1.68 -0.95) (layer F.CrtYd) (width 0.05))
    (fp_line (start -0.258578 0.71) (end 0.258578 0.71) (layer F.SilkS) (width 0.12))
    (fp_line (start -0.258578 -0.71) (end 0.258578 -0.71) (layer F.SilkS) (width 0.12))
    (fp_line (start 1 0.6) (end -1 0.6) (layer F.Fab) (width 0.1))
    (fp_line (start 1 -0.6) (end 1 0.6) (layer F.Fab) (width 0.1))
    (fp_line (start -1 -0.6) (end 1 -0.6) (layer F.Fab) (width 0.1))
    (fp_line (start -1 0.6) (end -1 -0.6) (layer F.Fab) (width 0.1))
    (pad 2 smd roundrect (at 0.9375 0) (size 0.975 1.4) (layers F.Cu F.Paste F.Mask) (roundrect_rratio 0.25)
      (net 9 "Net-(C10-Pad2)"))
    (pad 1 smd roundrect (at -0.9375 0) (size 0.975 1.4) (layers F.Cu F.Paste F.Mask) (roundrect_rratio 0.25)
      (net 10 "Net-(C10-Pad1)"))
    (model ${KISYS3DMOD}/Capacitor_SMD.3dshapes/C_0805_2012Metric.wrl
      (at (xyz 0 0 0))
      (scale (xyz 1 1 1))
      (rotate (xyz 0 0 0))
    )
  )

  (module Capacitor_THT:CP_Radial_D5.0mm_P2.00mm (layer F.Cu) (tedit 5AE50EF0) (tstamp 5ED70AEC)
    (at 165.862 86.614)
    (descr "CP, Radial series, Radial, pin pitch=2.00mm, , diameter=5mm, Electrolytic Capacitor")
    (tags "CP Radial series Radial pin pitch 2.00mm  diameter 5mm Electrolytic Capacitor")
    (path /5F0319DF)
    (fp_text reference C11 (at -3.81 0) (layer F.SilkS)
      (effects (font (size 1 1) (thickness 0.15)))
    )
    (fp_text value 22u (at 1 3.75) (layer F.Fab)
      (effects (font (size 1 1) (thickness 0.15)))
    )
    (fp_circle (center 1 0) (end 3.5 0) (layer F.Fab) (width 0.1))
    (fp_circle (center 1 0) (end 3.62 0) (layer F.SilkS) (width 0.12))
    (fp_circle (center 1 0) (end 3.75 0) (layer F.CrtYd) (width 0.05))
    (fp_line (start -1.133605 -1.0875) (end -0.633605 -1.0875) (layer F.Fab) (width 0.1))
    (fp_line (start -0.883605 -1.3375) (end -0.883605 -0.8375) (layer F.Fab) (width 0.1))
    (fp_line (start 1 1.04) (end 1 2.58) (layer F.SilkS) (width 0.12))
    (fp_line (start 1 -2.58) (end 1 -1.04) (layer F.SilkS) (width 0.12))
    (fp_line (start 1.04 1.04) (end 1.04 2.58) (layer F.SilkS) (width 0.12))
    (fp_line (start 1.04 -2.58) (end 1.04 -1.04) (layer F.SilkS) (width 0.12))
    (fp_line (start 1.08 -2.579) (end 1.08 -1.04) (layer F.SilkS) (width 0.12))
    (fp_line (start 1.08 1.04) (end 1.08 2.579) (layer F.SilkS) (width 0.12))
    (fp_line (start 1.12 -2.578) (end 1.12 -1.04) (layer F.SilkS) (width 0.12))
    (fp_line (start 1.12 1.04) (end 1.12 2.578) (layer F.SilkS) (width 0.12))
    (fp_line (start 1.16 -2.576) (end 1.16 -1.04) (layer F.SilkS) (width 0.12))
    (fp_line (start 1.16 1.04) (end 1.16 2.576) (layer F.SilkS) (width 0.12))
    (fp_line (start 1.2 -2.573) (end 1.2 -1.04) (layer F.SilkS) (width 0.12))
    (fp_line (start 1.2 1.04) (end 1.2 2.573) (layer F.SilkS) (width 0.12))
    (fp_line (start 1.24 -2.569) (end 1.24 -1.04) (layer F.SilkS) (width 0.12))
    (fp_line (start 1.24 1.04) (end 1.24 2.569) (layer F.SilkS) (width 0.12))
    (fp_line (start 1.28 -2.565) (end 1.28 -1.04) (layer F.SilkS) (width 0.12))
    (fp_line (start 1.28 1.04) (end 1.28 2.565) (layer F.SilkS) (width 0.12))
    (fp_line (start 1.32 -2.561) (end 1.32 -1.04) (layer F.SilkS) (width 0.12))
    (fp_line (start 1.32 1.04) (end 1.32 2.561) (layer F.SilkS) (width 0.12))
    (fp_line (start 1.36 -2.556) (end 1.36 -1.04) (layer F.SilkS) (width 0.12))
    (fp_line (start 1.36 1.04) (end 1.36 2.556) (layer F.SilkS) (width 0.12))
    (fp_line (start 1.4 -2.55) (end 1.4 -1.04) (layer F.SilkS) (width 0.12))
    (fp_line (start 1.4 1.04) (end 1.4 2.55) (layer F.SilkS) (width 0.12))
    (fp_line (start 1.44 -2.543) (end 1.44 -1.04) (layer F.SilkS) (width 0.12))
    (fp_line (start 1.44 1.04) (end 1.44 2.543) (layer F.SilkS) (width 0.12))
    (fp_line (start 1.48 -2.536) (end 1.48 -1.04) (layer F.SilkS) (width 0.12))
    (fp_line (start 1.48 1.04) (end 1.48 2.536) (layer F.SilkS) (width 0.12))
    (fp_line (start 1.52 -2.528) (end 1.52 -1.04) (layer F.SilkS) (width 0.12))
    (fp_line (start 1.52 1.04) (end 1.52 2.528) (layer F.SilkS) (width 0.12))
    (fp_line (start 1.56 -2.52) (end 1.56 -1.04) (layer F.SilkS) (width 0.12))
    (fp_line (start 1.56 1.04) (end 1.56 2.52) (layer F.SilkS) (width 0.12))
    (fp_line (start 1.6 -2.511) (end 1.6 -1.04) (layer F.SilkS) (width 0.12))
    (fp_line (start 1.6 1.04) (end 1.6 2.511) (layer F.SilkS) (width 0.12))
    (fp_line (start 1.64 -2.501) (end 1.64 -1.04) (layer F.SilkS) (width 0.12))
    (fp_line (start 1.64 1.04) (end 1.64 2.501) (layer F.SilkS) (width 0.12))
    (fp_line (start 1.68 -2.491) (end 1.68 -1.04) (layer F.SilkS) (width 0.12))
    (fp_line (start 1.68 1.04) (end 1.68 2.491) (layer F.SilkS) (width 0.12))
    (fp_line (start 1.721 -2.48) (end 1.721 -1.04) (layer F.SilkS) (width 0.12))
    (fp_line (start 1.721 1.04) (end 1.721 2.48) (layer F.SilkS) (width 0.12))
    (fp_line (start 1.761 -2.468) (end 1.761 -1.04) (layer F.SilkS) (width 0.12))
    (fp_line (start 1.761 1.04) (end 1.761 2.468) (layer F.SilkS) (width 0.12))
    (fp_line (start 1.801 -2.455) (end 1.801 -1.04) (layer F.SilkS) (width 0.12))
    (fp_line (start 1.801 1.04) (end 1.801 2.455) (layer F.SilkS) (width 0.12))
    (fp_line (start 1.841 -2.442) (end 1.841 -1.04) (layer F.SilkS) (width 0.12))
    (fp_line (start 1.841 1.04) (end 1.841 2.442) (layer F.SilkS) (width 0.12))
    (fp_line (start 1.881 -2.428) (end 1.881 -1.04) (layer F.SilkS) (width 0.12))
    (fp_line (start 1.881 1.04) (end 1.881 2.428) (layer F.SilkS) (width 0.12))
    (fp_line (start 1.921 -2.414) (end 1.921 -1.04) (layer F.SilkS) (width 0.12))
    (fp_line (start 1.921 1.04) (end 1.921 2.414) (layer F.SilkS) (width 0.12))
    (fp_line (start 1.961 -2.398) (end 1.961 -1.04) (layer F.SilkS) (width 0.12))
    (fp_line (start 1.961 1.04) (end 1.961 2.398) (layer F.SilkS) (width 0.12))
    (fp_line (start 2.001 -2.382) (end 2.001 -1.04) (layer F.SilkS) (width 0.12))
    (fp_line (start 2.001 1.04) (end 2.001 2.382) (layer F.SilkS) (width 0.12))
    (fp_line (start 2.041 -2.365) (end 2.041 -1.04) (layer F.SilkS) (width 0.12))
    (fp_line (start 2.041 1.04) (end 2.041 2.365) (layer F.SilkS) (width 0.12))
    (fp_line (start 2.081 -2.348) (end 2.081 -1.04) (layer F.SilkS) (width 0.12))
    (fp_line (start 2.081 1.04) (end 2.081 2.348) (layer F.SilkS) (width 0.12))
    (fp_line (start 2.121 -2.329) (end 2.121 -1.04) (layer F.SilkS) (width 0.12))
    (fp_line (start 2.121 1.04) (end 2.121 2.329) (layer F.SilkS) (width 0.12))
    (fp_line (start 2.161 -2.31) (end 2.161 -1.04) (layer F.SilkS) (width 0.12))
    (fp_line (start 2.161 1.04) (end 2.161 2.31) (layer F.SilkS) (width 0.12))
    (fp_line (start 2.201 -2.29) (end 2.201 -1.04) (layer F.SilkS) (width 0.12))
    (fp_line (start 2.201 1.04) (end 2.201 2.29) (layer F.SilkS) (width 0.12))
    (fp_line (start 2.241 -2.268) (end 2.241 -1.04) (layer F.SilkS) (width 0.12))
    (fp_line (start 2.241 1.04) (end 2.241 2.268) (layer F.SilkS) (width 0.12))
    (fp_line (start 2.281 -2.247) (end 2.281 -1.04) (layer F.SilkS) (width 0.12))
    (fp_line (start 2.281 1.04) (end 2.281 2.247) (layer F.SilkS) (width 0.12))
    (fp_line (start 2.321 -2.224) (end 2.321 -1.04) (layer F.SilkS) (width 0.12))
    (fp_line (start 2.321 1.04) (end 2.321 2.224) (layer F.SilkS) (width 0.12))
    (fp_line (start 2.361 -2.2) (end 2.361 -1.04) (layer F.SilkS) (width 0.12))
    (fp_line (start 2.361 1.04) (end 2.361 2.2) (layer F.SilkS) (width 0.12))
    (fp_line (start 2.401 -2.175) (end 2.401 -1.04) (layer F.SilkS) (width 0.12))
    (fp_line (start 2.401 1.04) (end 2.401 2.175) (layer F.SilkS) (width 0.12))
    (fp_line (start 2.441 -2.149) (end 2.441 -1.04) (layer F.SilkS) (width 0.12))
    (fp_line (start 2.441 1.04) (end 2.441 2.149) (layer F.SilkS) (width 0.12))
    (fp_line (start 2.481 -2.122) (end 2.481 -1.04) (layer F.SilkS) (width 0.12))
    (fp_line (start 2.481 1.04) (end 2.481 2.122) (layer F.SilkS) (width 0.12))
    (fp_line (start 2.521 -2.095) (end 2.521 -1.04) (layer F.SilkS) (width 0.12))
    (fp_line (start 2.521 1.04) (end 2.521 2.095) (layer F.SilkS) (width 0.12))
    (fp_line (start 2.561 -2.065) (end 2.561 -1.04) (layer F.SilkS) (width 0.12))
    (fp_line (start 2.561 1.04) (end 2.561 2.065) (layer F.SilkS) (width 0.12))
    (fp_line (start 2.601 -2.035) (end 2.601 -1.04) (layer F.SilkS) (width 0.12))
    (fp_line (start 2.601 1.04) (end 2.601 2.035) (layer F.SilkS) (width 0.12))
    (fp_line (start 2.641 -2.004) (end 2.641 -1.04) (layer F.SilkS) (width 0.12))
    (fp_line (start 2.641 1.04) (end 2.641 2.004) (layer F.SilkS) (width 0.12))
    (fp_line (start 2.681 -1.971) (end 2.681 -1.04) (layer F.SilkS) (width 0.12))
    (fp_line (start 2.681 1.04) (end 2.681 1.971) (layer F.SilkS) (width 0.12))
    (fp_line (start 2.721 -1.937) (end 2.721 -1.04) (layer F.SilkS) (width 0.12))
    (fp_line (start 2.721 1.04) (end 2.721 1.937) (layer F.SilkS) (width 0.12))
    (fp_line (start 2.761 -1.901) (end 2.761 -1.04) (layer F.SilkS) (width 0.12))
    (fp_line (start 2.761 1.04) (end 2.761 1.901) (layer F.SilkS) (width 0.12))
    (fp_line (start 2.801 -1.864) (end 2.801 -1.04) (layer F.SilkS) (width 0.12))
    (fp_line (start 2.801 1.04) (end 2.801 1.864) (layer F.SilkS) (width 0.12))
    (fp_line (start 2.841 -1.826) (end 2.841 -1.04) (layer F.SilkS) (width 0.12))
    (fp_line (start 2.841 1.04) (end 2.841 1.826) (layer F.SilkS) (width 0.12))
    (fp_line (start 2.881 -1.785) (end 2.881 -1.04) (layer F.SilkS) (width 0.12))
    (fp_line (start 2.881 1.04) (end 2.881 1.785) (layer F.SilkS) (width 0.12))
    (fp_line (start 2.921 -1.743) (end 2.921 -1.04) (layer F.SilkS) (width 0.12))
    (fp_line (start 2.921 1.04) (end 2.921 1.743) (layer F.SilkS) (width 0.12))
    (fp_line (start 2.961 -1.699) (end 2.961 -1.04) (layer F.SilkS) (width 0.12))
    (fp_line (start 2.961 1.04) (end 2.961 1.699) (layer F.SilkS) (width 0.12))
    (fp_line (start 3.001 -1.653) (end 3.001 -1.04) (layer F.SilkS) (width 0.12))
    (fp_line (start 3.001 1.04) (end 3.001 1.653) (layer F.SilkS) (width 0.12))
    (fp_line (start 3.041 -1.605) (end 3.041 1.605) (layer F.SilkS) (width 0.12))
    (fp_line (start 3.081 -1.554) (end 3.081 1.554) (layer F.SilkS) (width 0.12))
    (fp_line (start 3.121 -1.5) (end 3.121 1.5) (layer F.SilkS) (width 0.12))
    (fp_line (start 3.161 -1.443) (end 3.161 1.443) (layer F.SilkS) (width 0.12))
    (fp_line (start 3.201 -1.383) (end 3.201 1.383) (layer F.SilkS) (width 0.12))
    (fp_line (start 3.241 -1.319) (end 3.241 1.319) (layer F.SilkS) (width 0.12))
    (fp_line (start 3.281 -1.251) (end 3.281 1.251) (layer F.SilkS) (width 0.12))
    (fp_line (start 3.321 -1.178) (end 3.321 1.178) (layer F.SilkS) (width 0.12))
    (fp_line (start 3.361 -1.098) (end 3.361 1.098) (layer F.SilkS) (width 0.12))
    (fp_line (start 3.401 -1.011) (end 3.401 1.011) (layer F.SilkS) (width 0.12))
    (fp_line (start 3.441 -0.915) (end 3.441 0.915) (layer F.SilkS) (width 0.12))
    (fp_line (start 3.481 -0.805) (end 3.481 0.805) (layer F.SilkS) (width 0.12))
    (fp_line (start 3.521 -0.677) (end 3.521 0.677) (layer F.SilkS) (width 0.12))
    (fp_line (start 3.561 -0.518) (end 3.561 0.518) (layer F.SilkS) (width 0.12))
    (fp_line (start 3.601 -0.284) (end 3.601 0.284) (layer F.SilkS) (width 0.12))
    (fp_line (start -1.804775 -1.475) (end -1.304775 -1.475) (layer F.SilkS) (width 0.12))
    (fp_line (start -1.554775 -1.725) (end -1.554775 -1.225) (layer F.SilkS) (width 0.12))
    (fp_text user %R (at 1 0) (layer F.Fab)
      (effects (font (size 1 1) (thickness 0.15)))
    )
    (pad 1 thru_hole rect (at 0 0) (size 1.6 1.6) (drill 0.8) (layers *.Cu *.Mask)
      (net 10 "Net-(C10-Pad1)"))
    (pad 2 thru_hole circle (at 2 0) (size 1.6 1.6) (drill 0.8) (layers *.Cu *.Mask)
      (net 11 "Net-(C11-Pad2)"))
    (model ${KISYS3DMOD}/Capacitor_THT.3dshapes/CP_Radial_D5.0mm_P2.00mm.wrl
      (at (xyz 0 0 0))
      (scale (xyz 1 1 1))
      (rotate (xyz 0 0 0))
    )
  )

  (module Diode_SMD:D_SOD-123 (layer F.Cu) (tedit 58645DC7) (tstamp 5ED70B05)
    (at 167.004 113.792 180)
    (descr SOD-123)
    (tags SOD-123)
    (path /5ED5B2AA)
    (attr smd)
    (fp_text reference D1 (at 0 -2) (layer F.SilkS)
      (effects (font (size 1 1) (thickness 0.15)))
    )
    (fp_text value MBR0520LT (at 0 2.1) (layer F.Fab)
      (effects (font (size 1 1) (thickness 0.15)))
    )
    (fp_text user %R (at 0 -2) (layer F.Fab)
      (effects (font (size 1 1) (thickness 0.15)))
    )
    (fp_line (start -2.25 -1) (end -2.25 1) (layer F.SilkS) (width 0.12))
    (fp_line (start 0.25 0) (end 0.75 0) (layer F.Fab) (width 0.1))
    (fp_line (start 0.25 0.4) (end -0.35 0) (layer F.Fab) (width 0.1))
    (fp_line (start 0.25 -0.4) (end 0.25 0.4) (layer F.Fab) (width 0.1))
    (fp_line (start -0.35 0) (end 0.25 -0.4) (layer F.Fab) (width 0.1))
    (fp_line (start -0.35 0) (end -0.35 0.55) (layer F.Fab) (width 0.1))
    (fp_line (start -0.35 0) (end -0.35 -0.55) (layer F.Fab) (width 0.1))
    (fp_line (start -0.75 0) (end -0.35 0) (layer F.Fab) (width 0.1))
    (fp_line (start -1.4 0.9) (end -1.4 -0.9) (layer F.Fab) (width 0.1))
    (fp_line (start 1.4 0.9) (end -1.4 0.9) (layer F.Fab) (width 0.1))
    (fp_line (start 1.4 -0.9) (end 1.4 0.9) (layer F.Fab) (width 0.1))
    (fp_line (start -1.4 -0.9) (end 1.4 -0.9) (layer F.Fab) (width 0.1))
    (fp_line (start -2.35 -1.15) (end 2.35 -1.15) (layer F.CrtYd) (width 0.05))
    (fp_line (start 2.35 -1.15) (end 2.35 1.15) (layer F.CrtYd) (width 0.05))
    (fp_line (start 2.35 1.15) (end -2.35 1.15) (layer F.CrtYd) (width 0.05))
    (fp_line (start -2.35 -1.15) (end -2.35 1.15) (layer F.CrtYd) (width 0.05))
    (fp_line (start -2.25 1) (end 1.65 1) (layer F.SilkS) (width 0.12))
    (fp_line (start -2.25 -1) (end 1.65 -1) (layer F.SilkS) (width 0.12))
    (pad 1 smd rect (at -1.65 0 180) (size 0.9 1.2) (layers F.Cu F.Paste F.Mask)
      (net 4 "Net-(C4-Pad1)"))
    (pad 2 smd rect (at 1.65 0 180) (size 0.9 1.2) (layers F.Cu F.Paste F.Mask)
      (net 12 "Net-(D1-Pad2)"))
    (model ${KISYS3DMOD}/Diode_SMD.3dshapes/D_SOD-123.wrl
      (at (xyz 0 0 0))
      (scale (xyz 1 1 1))
      (rotate (xyz 0 0 0))
    )
  )

  (module Diode_SMD:D_SOD-123 (layer F.Cu) (tedit 58645DC7) (tstamp 5ED70B1E)
    (at 167.004 118.872 180)
    (descr SOD-123)
    (tags SOD-123)
    (path /5ED5BDC5)
    (attr smd)
    (fp_text reference D2 (at 0 -2) (layer F.SilkS)
      (effects (font (size 1 1) (thickness 0.15)))
    )
    (fp_text value MBR0520LT (at 0 2.1) (layer F.Fab)
      (effects (font (size 1 1) (thickness 0.15)))
    )
    (fp_line (start -2.25 -1) (end 1.65 -1) (layer F.SilkS) (width 0.12))
    (fp_line (start -2.25 1) (end 1.65 1) (layer F.SilkS) (width 0.12))
    (fp_line (start -2.35 -1.15) (end -2.35 1.15) (layer F.CrtYd) (width 0.05))
    (fp_line (start 2.35 1.15) (end -2.35 1.15) (layer F.CrtYd) (width 0.05))
    (fp_line (start 2.35 -1.15) (end 2.35 1.15) (layer F.CrtYd) (width 0.05))
    (fp_line (start -2.35 -1.15) (end 2.35 -1.15) (layer F.CrtYd) (width 0.05))
    (fp_line (start -1.4 -0.9) (end 1.4 -0.9) (layer F.Fab) (width 0.1))
    (fp_line (start 1.4 -0.9) (end 1.4 0.9) (layer F.Fab) (width 0.1))
    (fp_line (start 1.4 0.9) (end -1.4 0.9) (layer F.Fab) (width 0.1))
    (fp_line (start -1.4 0.9) (end -1.4 -0.9) (layer F.Fab) (width 0.1))
    (fp_line (start -0.75 0) (end -0.35 0) (layer F.Fab) (width 0.1))
    (fp_line (start -0.35 0) (end -0.35 -0.55) (layer F.Fab) (width 0.1))
    (fp_line (start -0.35 0) (end -0.35 0.55) (layer F.Fab) (width 0.1))
